2
28
30
37
41
50
57
60
67
71
73
84
86
89
95
101
126
135
144
148
149
155
162
165
182
183
188
189
195
197
205
207
211
213
217
248
258
277
284
296
300
302
311
315
316
319
349
354
365
366
367
376
378
392
393
399
400
402
415
419
423
429
434
439
440
447
448
454
457
479
500
505
512
519
523
539
553
563
564
568
582
584
585
586
594
605
610
617
622
628
645
682
686
689
705
732
799
811
817
820
870
885
886
888
890
908
916
966
969
976
1001
1004
1014
1032
1034
1063
1067
1077
1078
1084
1086
1090
1094
1141
1143
1170
1175
1182
1187
1189
1196
1204
1216
1217
1258
1287
1304
1308
1313
1331
1358
1362
1380
1403
1405
1421
1422
1426
1446
1450
1472
1490
1555
1565
1581
1590
1591
1604
1620
1621
1628
1658
1663
1668
1669
1678
1683
1686
1699
1713
1731
1741
1748
1758
1765
1766
1791
1805
1806
1814
1855
1871
1889
1891
3006
3007
3019
3021
10105
