4
5
7
8
9
11
13
19
21
25
32
34
39
40
45
48
49
55
58
59
61
62
63
64
66
69
72
76
79
80
81
82
83
88
90
92
94
97
98
100
102
103
111
112
114
115
118
119
121
125
131
133
142
146
147
151
153
154
156
158
159
160
163
164
170
171
176
181
191
202
204
206
212
215
219
220
224
226
233
234
235
239
241
243
245
246
249
250
254
257
259
267
273
280
283
285
288
291
292
293
294
298
299
303
305
318
322
323
332
334
337
340
342
343
346
348
350
351
353
355
357
360
364
368
369
375
377
379
381
388
389
390
391
397
403
404
406
407
409
410
412
413
417
418
420
421
427
428
430
432
433
435
437
442
444
452
459
460
461
462
463
465
468
469
474
475
483
484
489
492
494
495
499
506
517
521
524
526
529
531
533
535
538
541
559
570
571
573
576
578
581
583
587
588
590
591
596
597
598
601
602
609
611
623
625
634
646
649
654
657
658
670
673
678
683
692
694
698
699
713
718
720
734
738
739
746
747
753
756
757
761
762
764
766
772
774
784
789
791
802
803
804
814
819
826
900
937
958
960
968
985
993
1071
1073
1081
1114
1142
1220
1228
1247
1291
1294
1333
1337
1340
1343
1346
1347
1370
1379
1389
1401
1407
1410
1415
1436
1443
1452
1453
1462
1463
1473
1475
1497
1502
1503
1509
1513
1517
1519
1522
1526
1527
1534
1535
1537
1547
1556
1560
1561
1566
1578
1580
1582
1583
1587
1592
1594
1596
1598
1603
1618
1624
1625
1631
1632
1640
1653
1664
1666
1677
1680
1682
1687
1696
1701
1705
1710
1712
1715
1717
1718
1740
1747
1759
1771
1772
1775
1816
1817
1834
1837
1872
1877
1878
1879
1883
1885
1886
1890
1892
3029
3106
3123
3134
7002
7004
7005
7011
7012
7015
7043
7074
7075
7086
7096
7134
7142
7144
7157
7163
7167
7190
7211
7241
7247
7248
7272
7286
7291
7347
7360
7373
7392
7395
7397
7430
7441
7458
7471
7472
7476
7497
7498
7499
7500
7506
7513
7514
7526
7542
7544
7545
7562
7570
7593
7613
7614
7661
7662
7663
7664
7665
7666
7667
7668
7669
7707
7715
7717
7740
7747
7786
7814
7823
7827
7833
7884
7885
7887
7890
7931
7932
7933
7934
7952
7994
8049
8076
8096
8118
8137
8154
8156
8162
8181
8199
8214
8218
8219
8230
8246
8287
8303
8305
8330
8349
8353
8403
8404
8475
8509
8511
8533
8574
8590
8662
8674
8681
8686
8728
8769
8790
8808
8814
9515
9571
9812
9866
9869
10008
10050
10077
10092
10097
10098
10099
10139
10179
10270
